39
FJ593498.1  0.0000000 0.3858427 6.7746080 6.5196450 4.5764378 8.1917570 7.1202696 7.0281232 6.3244587 6.4743856 7.4566057 6.0344645 7.9557914 5.2560785 7.4617069 6.9644472 8.0243983 6.4076285 6.4485116 7.6131343 7.4886733 7.7518723 6.9925819 6.5456349 6.5509517 5.8862313 7.0157234 3.9885134 7.4196665 6.4161065 8.8865739 7.0594695 8.9999985 5.7011125 7.7185404 6.6761328 4.1396027 7.2282200 4.4903271 
KX512433.1  0.3858427 0.0000000 6.1177313 6.8090121 4.7364665 8.9157933 6.6183250 7.6874803 6.4036953 6.5083460 6.6146353 5.7659882 8.1135427 5.1481687 7.7040506 7.0199860 7.5255739 6.8190884 6.5722335 8.0124926 7.3113267 7.8730047 8.1195566 6.0868232 6.4629468 6.0872459 7.7728906 4.0902361 8.3782112 6.5516238 8.9999990 7.1342312 8.9999987 5.3726543 8.5213484 7.4995900 4.3472003 7.4165394 5.0684174 
KX779126.1  6.7746080 6.1177313 0.0000000 7.1508487 6.6543516 7.7451840 7.4911350 7.0832622 7.3601509 7.9310723 6.8449584 1.5338986 7.3578248 6.0182813 7.7088245 8.1515794 8.9999982 7.8697646 7.9848241 7.8943710 7.2631642 7.6009267 7.9429090 7.0390188 7.2275798 0.4798994 7.7815704 5.8421723 8.5343284 7.0616489 8.1829058 6.0274417 8.9999983 6.4809499 7.5230925 8.1339409 5.6460834 8.9999985 6.4201187 
LC553715.1  6.5196450 6.8090121 7.1508487 0.0000000 5.2567644 4.6624293 1.4078540 4.0275018 1.3066262 1.1431319 1.3625368 7.0277765 2.9761338 6.6487387 2.6792113 4.1577267 3.2010795 4.0665323 2.0425579 4.2777616 1.3079600 4.1558614 4.1726282 0.7925649 2.2833076 6.9488156 4.3365883 5.7240800 3.9065921 4.1799477 4.3874221 2.1400154 8.9999987 6.9179049 4.3426565 4.2413579 5.7721639 8.2928291 7.0719513 
MG663536.1  4.5764378 4.7364665 6.6543516 5.2567644 0.0000000 6.1249650 5.3511240 5.2347118 5.1454127 4.9576557 5.6778661 5.7473156 6.4022807 3.7864526 6.2349498 5.7967520 7.6952298 6.0965129 5.8791703 5.9936705 5.4606184 6.3592891 5.9085667 5.2480486 6.4629429 6.3444718 5.6753423 1.6432356 6.3918845 6.2471629 6.2549168 5.6815280 8.9999987 3.8272813 5.5808194 6.5139621 2.1089338 6.0340058 3.4964998 
NC_003468.2 8.1917570 8.9157933 7.7451840 4.6624293 6.1249650 0.0000000 4.0850737 2.0553787 4.0304905 4.0993497 4.1180759 8.3303140 4.5967428 6.6276605 4.7329131 1.4986550 4.8333388 1.9502534 4.0499747 1.2071245 4.3695388 2.1023245 1.0809397 4.5829546 4.4485781 8.2807359 1.2582420 6.0608952 2.2739076 2.0684837 2.1984919 3.8289111 8.9999987 8.7030168 2.2386244 1.2520968 5.6355255 8.9999981 6.9037529 
NC_005222.1 7.1202696 6.6183250 7.4911350 1.4078540 5.3511240 4.0850737 0.0000000 4.0157082 1.2882573 1.3931717 0.4317989 7.2933602 2.7790144 6.1658034 2.9190600 4.2061962 2.9053023 3.7783173 2.1672612 4.1477011 1.4219285 3.8928967 4.0118381 1.3630340 2.1555115 7.3908639 3.9173151 6.0829167 4.0803920 4.1445724 4.6213431 2.2104437 8.9999985 7.3713228 3.9640333 4.0592036 5.7915780 8.3578651 7.4132853 
NC_005225.1 7.0281232 7.6874803 7.0832622 4.0275018 5.2347118 2.0553787 4.0157082 0.0000000 3.8176540 3.6765410 3.8167670 6.9152666 4.5382592 6.7601221 4.1548463 2.1484292 5.0816495 1.8045623 3.6825388 1.9146176 4.1280065 1.0644327 1.9834702 3.9842573 4.2562224 7.2218140 2.0483343 4.8828952 1.7571084 2.1391835 1.6583773 3.8294667 8.9999987 6.7007292 1.0754458 2.0832215 5.4245137 8.4318912 6.1548145 
NC_005235.1 6.3244587 6.4036953 7.3601509 1.3066262 5.1454127 4.0304905 1.2882573 3.8176540 0.0000000 1.2462020 1.2829948 7.7872007 2.7834379 6.3663788 2.9454504 4.2750796 2.6753672 3.9479804 2.0515242 4.1626625 1.1605541 3.9078800 4.0307708 1.2908290 2.3467914 7.2672729 3.9959989 5.8493599 3.9962203 4.0008454 4.4224679 1.9779257 8.9999987 7.3000381 4.0618398 3.8207474 6.1037841 8.1025822 6.6941588 
NC_005238.1 6.4743856 6.5083460 7.9310723 1.1431319 4.9576557 4.0993497 1.3931717 3.6765410 1.2462020 0.0000000 1.3088901 8.1236849 2.8113968 6.3575315 2.4548217 4.0743923 3.0543196 3.8457039 2.2991922 3.6177391 1.2796786 4.1398126 4.0876227 1.1256981 2.3402827 6.8609550 3.5761101 5.5243521 4.1083286 4.2235974 4.1554033 2.1774822 8.9999988 7.1487886 4.1029837 3.8353751 5.9169252 8.9999987 6.7799963 
NC_006435.1 7.4566057 6.6146353 6.8449584 1.3625368 5.6778661 4.1180759 0.4317989 3.8167670 1.2829948 1.3088901 0.0000000 6.8810638 2.9705233 6.0071819 2.7390826 3.9222440 2.8034484 3.6863633 2.1247175 4.1467988 1.3456772 3.7494350 3.8584782 1.4585245 2.4113504 7.5036499 3.7180056 6.1707076 4.0347121 4.0839921 4.5956093 2.1928191 8.9999987 8.3160238 3.9249804 4.0281821 5.8537244 8.0519945 7.2834565 
NC_010707.1 6.0344645 5.7659882 1.5338986 7.0277765 5.7473156 8.3303140 7.2933602 6.9152666 7.7872007 8.1236849 6.8810638 0.0000000 7.5571355 6.6100764 7.9132332 8.4243015 8.9999982 7.8184549 7.6075817 7.6167324 7.7684040 7.0287991 7.8780182 7.4817014 8.5661072 1.4915834 7.8891879 5.5549850 8.5546865 8.9999982 8.7441084 8.1609878 8.9999985 6.5348256 7.7179618 7.7173893 6.3349451 8.6381898 6.6127116 
NC_034399.1 7.9557914 8.1135427 7.3578248 2.9761338 6.4022807 4.5967428 2.7790144 4.5382592 2.7834379 2.8113968 2.9705233 7.5571355 0.0000000 6.5546710 2.9045130 4.4585977 1.6639118 4.2334255 2.2942566 4.6285832 3.0268414 4.1747332 4.6683018 2.7257049 2.0637029 7.4426009 5.1179235 6.2416467 4.4237445 4.0226046 4.7766437 2.6404289 8.9999989 8.4560108 4.9201674 4.1331562 6.7644524 8.8373963 8.3623030 
NC_034401.1 5.2560785 5.1481687 6.0182813 6.6487387 3.7864526 6.6276605 6.1658034 6.7601221 6.3663788 6.3575315 6.0071819 6.6100764 6.5546710 0.0000000 6.4559534 7.8477099 6.6866339 6.2084051 6.1277878 7.3859099 6.7982723 7.0412544 7.3321333 6.4457844 6.8070591 6.2448544 6.6622319 3.7612641 6.9346086 6.8180820 6.9448122 5.8526381 8.9999989 2.5172758 7.1957135 6.8391874 3.4612416 6.1942269 3.6678296 
NC_034402.1 7.4617069 7.7040506 7.7088245 2.6792113 6.2349498 4.7329131 2.9190600 4.1548463 2.9454504 2.4548217 2.7390826 7.9132332 2.9045130 6.4559534 0.0000000 4.4337267 2.6737385 3.7247842 2.2153335 4.3854202 2.6780655 4.1899550 4.4664405 2.7477426 2.4433879 7.8269317 4.5059615 6.0461347 3.9585112 4.4012488 4.3635667 2.5439293 8.9999988 7.7952255 4.1512669 4.2471138 5.8859545 8.5402940 6.9405057 
NC_034403.1 6.9644472 7.0199860 8.1515794 4.1577267 5.7967520 1.4986550 4.2061962 2.1484292 4.2750796 4.0743923 3.9222440 8.4243015 4.4585977 7.8477099 4.4337267 0.0000000 4.9104819 2.1167189 4.0279877 1.4353376 4.9263019 2.0448050 1.4695619 4.0324881 3.6852995 8.2828106 1.5038367 6.4654275 2.0601578 2.1623632 2.3521624 3.7661340 8.9999988 7.4079258 2.2136275 1.3017303 6.3773517 8.9999987 5.7558511 
NC_034407.1 8.0243983 7.5255739 8.9999982 3.2010795 7.6952298 4.8333388 2.9053023 5.0816495 2.6753672 3.0543196 2.8034484 8.9999982 1.6639118 6.6866339 2.6737385 4.9104819 0.0000000 4.8689527 1.9976644 4.8856466 3.1603712 4.6900311 4.6348217 3.0009175 2.1980421 8.4781801 4.9076541 6.4429831 4.9389444 4.5347975 5.3166321 2.3779464 8.9999987 8.9496872 4.9130729 5.2142103 6.8903568 8.9999987 8.9999982 
NC_034467.1 6.4076285 6.8190884 7.8697646 4.0665323 6.0965129 1.9502534 3.7783173 1.8045623 3.9479804 3.8457039 3.6863633 7.8184549 4.2334255 6.2084051 3.7247842 2.1167189 4.8689527 0.0000000 3.7071555 2.0007853 3.7054333 1.6554301 2.1676727 3.9549924 4.0199094 7.8332560 2.0359874 5.6124811 1.1592233 2.3722129 2.1227371 4.0413227 8.9999986 7.7139185 1.9286663 1.9357286 6.0851061 8.7579691 6.5260825 
NC_034485.1 6.4485116 6.5722335 7.9848241 2.0425579 5.8791703 4.0499747 2.1672612 3.6825388 2.0515242 2.2991922 2.1247175 7.6075817 2.2942566 6.1277878 2.2153335 4.0279877 1.9976644 3.7071555 0.0000000 3.5645720 2.2989173 3.7826374 3.4457343 2.3146551 1.3824449 7.6109305 3.8600971 5.9957795 3.8337101 4.0747707 4.6171884 1.8034373 8.9999987 6.6541903 3.7140139 3.9305366 5.5956029 8.0349515 6.6371775 
NC_034515.1 7.6131343 8.0124926 7.8943710 4.2777616 5.9936705 1.2071245 4.1477011 1.9146176 4.1626625 3.6177391 4.1467988 7.6167324 4.6285832 7.3859099 4.3854202 1.4353376 4.8856466 2.0007853 3.5645720 0.0000000 4.1076345 2.1127792 1.2311571 3.9426831 4.1774461 7.5128161 1.2052315 5.7482519 2.0792750 2.2437508 2.1261634 3.8647322 8.9999981 8.6271825 2.0125834 1.3167200 5.7700760 8.9952730 6.4671820 
NC_034517.1 7.4886733 7.3113267 7.2631642 1.3079600 5.4606184 4.3695388 1.4219285 4.1280065 1.1605541 1.2796786 1.3456772 7.7684040 3.0268414 6.7982723 2.6780655 4.9263019 3.1603712 3.7054333 2.2989173 4.1076345 0.0000000 3.9601511 4.6578028 1.3850873 2.5923471 6.9088937 4.3677438 6.3072977 4.2106918 4.5054316 5.1283871 2.1571216 8.9999988 8.1010443 4.4960594 4.3125565 6.2051983 8.7532768 7.0661765 
NC_034519.1 7.7518723 7.8730047 7.6009267 4.1558614 6.3592891 2.1023245 3.8928967 1.0644327 3.9078800 4.1398126 3.7494350 7.0287991 4.1747332 7.0412544 4.1899550 2.0448050 4.6900311 1.6554301 3.7826374 2.1127792 3.9601511 0.0000000 1.9964925 4.0104102 3.9182418 7.4439487 2.0142902 5.5285472 1.6913811 2.3463786 1.6598009 3.6268781 8.9999989 7.5516292 0.9899420 2.0894107 5.6079400 8.0903366 5.7844451 
NC_034553.1 6.9925819 8.1195566 7.9429090 4.1726282 5.9085667 1.0809397 4.0118381 1.9834702 4.0307708 4.0876227 3.8584782 7.8780182 4.6683018 7.3321333 4.4664405 1.4695619 4.6348217 2.1676727 3.4457343 1.2311571 4.6578028 1.9964925 0.0000000 4.1160631 4.0503966 7.6531853 1.2361606 5.8992822 2.2585121 2.2409328 2.1698538 3.9124094 8.9999981 7.2067822 2.0073979 1.3428509 5.7884405 8.8777661 6.2493948 
NC_034556.1 6.5456349 6.0868232 7.0390188 0.7925649 5.2480486 4.5829546 1.3630340 3.9842573 1.2908290 1.1256981 1.4585245 7.4817014 2.7257049 6.4457844 2.7477426 4.0324881 3.0009175 3.9549924 2.3146551 3.9426831 1.3850873 4.0104102 4.1160631 0.0000000 2.2887932 7.6434237 4.0881859 5.7040046 3.9445357 4.0028343 4.9739140 2.0786832 8.9999982 6.8928930 4.1914716 3.8138946 5.5951981 8.3773655 6.5229535 
NC_034560.1 6.5509517 6.4629468 7.2275798 2.2833076 6.4629429 4.4485781 2.1555115 4.2562224 2.3467914 2.3402827 2.4113504 8.5661072 2.0637029 6.8070591 2.4433879 3.6852995 2.1980421 4.0199094 1.3824449 4.1774461 2.5923471 3.9182418 4.0503966 2.2887932 0.0000000 8.0999963 4.3316687 6.4222469 4.5286156 4.6549977 4.4925432 1.9380875 8.9999987 7.6490283 4.0676819 4.2239572 5.5742759 8.4466476 6.6906252 
NC_034564.1 5.8862313 6.0872459 0.4798994 6.9488156 6.3444718 8.2807359 7.3908639 7.2218140 7.2672729 6.8609550 7.5036499 1.4915834 7.4426009 6.2448544 7.8269317 8.2828106 8.4781801 7.8332560 7.6109305 7.5128161 6.9088937 7.4439487 7.6531853 7.6434237 8.0999963 0.0000000 7.0511534 5.1190534 7.9071552 7.7810367 7.9442588 6.4590177 8.9999980 6.4537151 7.5671867 7.6246987 5.4599691 8.9999988 5.8244377 
NC_038299.1 7.0157234 7.7728906 7.7815704 4.3365883 5.6753423 1.2582420 3.9173151 2.0483343 3.9959989 3.5761101 3.7180056 7.8891879 5.1179235 6.6622319 4.5059615 1.5038367 4.9076541 2.0359874 3.8600971 1.2052315 4.3677438 2.0142902 1.2361606 4.0881859 4.3316687 7.0511534 0.0000000 6.3403281 2.2113878 2.2132131 2.1872171 3.7713308 8.9999988 6.5177389 2.0239251 1.3686370 6.2022334 7.4577837 6.7980695 
NC_038515.1 3.9885134 4.0902361 5.8421723 5.7240800 1.6432356 6.0608952 6.0829167 4.8828952 5.8493599 5.5243521 6.1707076 5.5549850 6.2416467 3.7612641 6.0461347 6.4654275 6.4429831 5.6124811 5.9957795 5.7482519 6.3072977 5.5285472 5.8992822 5.7040046 6.4222469 5.1190534 6.3403281 0.0000000 6.3539272 6.0569569 6.1623211 5.5779788 8.9999990 3.5855924 5.7743001 6.2726676 1.8165641 4.9796519 3.1032523 
NC_038529.1 7.4196665 8.3782112 8.5343284 3.9065921 6.3918845 2.2739076 4.0803920 1.7571084 3.9962203 4.1083286 4.0347121 8.5546865 4.4237445 6.9346086 3.9585112 2.0601578 4.9389444 1.1592233 3.8337101 2.0792750 4.2106918 1.6913811 2.2585121 3.9445357 4.5286156 7.9071552 2.2113878 6.3539272 0.0000000 2.3255796 1.8745330 3.4297409 8.9999987 8.6244569 1.7833852 2.0095421 5.8661101 8.9999988 6.7111220 
NC_038695.1 6.4161065 6.5516238 7.0616489 4.1799477 6.2471629 2.0684837 4.1445724 2.1391835 4.0008454 4.2235974 4.0839921 8.9999982 4.0226046 6.8180820 4.4012488 2.1623632 4.5347975 2.3722129 4.0747707 2.2437508 4.5054316 2.3463786 2.2409328 4.0028343 4.6549977 7.7810367 2.2132131 6.0569569 2.3255796 0.0000000 2.3188477 3.8692941 8.9999984 7.7321453 2.3544814 2.0164861 6.0006553 8.9999990 6.4463081 
NC_038939.1 8.8865739 8.9999990 8.1829058 4.3874221 6.2549168 2.1984919 4.6213431 1.6583773 4.4224679 4.1554033 4.5956093 8.7441084 4.7766437 6.9448122 4.3635667 2.3521624 5.3166321 2.1227371 4.6171884 2.1261634 5.1283871 1.6598009 2.1698538 4.9739140 4.4925432 7.9442588 2.1872171 6.1623211 1.8745330 2.3188477 0.0000000 4.0827388 8.9999989 8.5017262 1.6416233 2.1865719 6.7133198 8.9999989 7.5482764 
NC_055147.1 7.0594695 7.1342312 6.0274417 2.1400154 5.6815280 3.8289111 2.2104437 3.8294667 1.9779257 2.1774822 2.1928191 8.1609878 2.6404289 5.8526381 2.5439293 3.7661340 2.3779464 4.0413227 1.8034373 3.8647322 2.1571216 3.6268781 3.9124094 2.0786832 1.9380875 6.4590177 3.7713308 5.5779788 3.4297409 3.8692941 4.0827388 0.0000000 8.9999985 6.6952018 3.9611459 3.6603070 5.6937702 8.5935642 6.6276254 
NC_055170.1 8.9999985 8.9999987 8.9999983 8.9999987 8.9999987 8.9999987 8.9999985 8.9999987 8.9999987 8.9999988 8.9999987 8.9999985 8.9999989 8.9999989 8.9999988 8.9999988 8.9999987 8.9999986 8.9999987 8.9999981 8.9999988 8.9999989 8.9999981 8.9999982 8.9999987 8.9999980 8.9999988 8.9999990 8.9999987 8.9999984 8.9999989 8.9999985 0.0000000 8.9999988 8.9999989 8.9999988 8.9999987 8.9999988 8.9999987 
NC_055632.1 5.7011125 5.3726543 6.4809499 6.9179049 3.8272813 8.7030168 7.3713228 6.7007292 7.3000381 7.1487886 8.3160238 6.5348256 8.4560108 2.5172758 7.7952255 7.4079258 8.9496872 7.7139185 6.6541903 8.6271825 8.1010443 7.5516292 7.2067822 6.8928930 7.6490283 6.4537151 6.5177389 3.5855924 8.6244569 7.7321453 8.5017262 6.6952018 8.9999988 0.0000000 8.7913721 7.3670875 3.7945751 6.8166643 3.6314195 
NC_055636.1 7.7185404 8.5213484 7.5230925 4.3426565 5.5808194 2.2386244 3.9640333 1.0754458 4.0618398 4.1029837 3.9249804 7.7179618 4.9201674 7.1957135 4.1512669 2.2136275 4.9130729 1.9286663 3.7140139 2.0125834 4.4960594 0.9899420 2.0073979 4.1914716 4.0676819 7.5671867 2.0239251 5.7743001 1.7833852 2.3544814 1.6416233 3.9611459 8.9999989 8.7913721 0.0000000 2.1842397 6.0485126 8.4861633 5.9508342 
NC_077671.1 6.6761328 7.4995900 8.1339409 4.2413579 6.5139621 1.2520968 4.0592036 2.0832215 3.8207474 3.8353751 4.0281821 7.7173893 4.1331562 6.8391874 4.2471138 1.3017303 5.2142103 1.9357286 3.9305366 1.3167200 4.3125565 2.0894107 1.3428509 3.8138946 4.2239572 7.6246987 1.3686370 6.2726676 2.0095421 2.0164861 2.1865719 3.6603070 8.9999988 7.3670875 2.1842397 0.0000000 6.1270051 8.7037020 6.5775993 
NC_078262.1 4.1396027 4.3472003 5.6460834 5.7721639 2.1089338 5.6355255 5.7915780 5.4245137 6.1037841 5.9169252 5.8537244 6.3349451 6.7644524 3.4612416 5.8859545 6.3773517 6.8903568 6.0851061 5.5956029 5.7700760 6.2051983 5.6079400 5.7884405 5.5951981 5.5742759 5.4599691 6.2022334 1.8165641 5.8661101 6.0006553 6.7133198 5.6937702 8.9999987 3.7945751 6.0485126 6.1270051 0.0000000 5.3694446 3.0037316 
NC_078485.1 7.2282200 7.4165394 8.9999985 8.2928291 6.0340058 8.9999981 8.3578651 8.4318912 8.1025822 8.9999987 8.0519945 8.6381898 8.8373963 6.1942269 8.5402940 8.9999987 8.9999987 8.7579691 8.0349515 8.9952730 8.7532768 8.0903366 8.8777661 8.3773655 8.4466476 8.9999988 7.4577837 4.9796519 8.9999988 8.9999990 8.9999989 8.5935642 8.9999988 6.8166643 8.4861633 8.7037020 5.3694446 0.0000000 6.3756777 
OR684449.1  4.4903271 5.0684174 6.4201187 7.0719513 3.4964998 6.9037529 7.4132853 6.1548145 6.6941588 6.7799963 7.2834565 6.6127116 8.3623030 3.6678296 6.9405057 5.7558511 8.9999982 6.5260825 6.6371775 6.4671820 7.0661765 5.7844451 6.2493948 6.5229535 6.6906252 5.8244377 6.7980695 3.1032523 6.7111220 6.4463081 7.5482764 6.6276254 8.9999987 3.6314195 5.9508342 6.5775993 3.0037316 6.3756777 0.0000000 
